10.00000000 0.00036080
10.00000000 0.00003061
12.00000000 0.00004062
13.00000000 0.00004206
14.00000000 0.00003722
16.00000000 0.00001096
18.00000000 0.00003521
20.00000000 0.00002805
20.00000000 0.00003551
20.00000000 0.00005123
22.00000000 0.00006397
24.00000000 0.00002315
26.00000000 0.00004677
28.00000000 0.00006119
30.00000000 0.00004628
40.00000000 0.00002795
50.00000000 0.00015829
100.00000000 0.00136068
150.00000000 0.00009827
200.00000000 0.00025422
200.00000000 0.00160257
300.00000000 0.00086442
400.00000000 0.00697591
500.00000000 0.00609307
800.00000000 0.00486396
800.00000000 0.00583965
1200.00000000 0.00970785
1600.00000000 0.00746327
2000.00000000 0.01799666
3000.00000000 0.09774938
5000.00000000 0.42346719
7000.00000000 1.07696737
10000.00000000 0.69183306
15000.00000000 0.92959505
