10.0 4.0366E-5
10.0 4.25224E-4
12.0 3.9755E-5
13.0 2.4266E-5
14.0 5.1788E-5
16.0 1.5159E-5
18.0 1.7603E-5
20.0 2.0018E-5
20.0 3.3172E-5
20.0 3.732E-5
22.0 5.1177E-5
24.0 7.0683E-5
26.0 4.3252E-5
28.0 6.4752E-5
30.0 7.3258E-5
40.0 5.11326E-4
50.0 8.4801E-5
100.0 0.002682197
150.0 1.58559E-4
200.0 1.73668E-4
200.0 3.6541E-4
300.0 0.001532926
400.0 0.004533004
500.0 0.001628927
800.0 0.003623154
800.0 0.027194163
1200.0 0.008785758
1600.0 0.010212073
2000.0 0.018431921
3000.0 0.123965929
5000.0 0.518764638
7000.0 1.074328475
10000.0 0.675238629
15000.0 0.865370977
